https://ria.ru/20201214/kuba-1589117765.html|В МЭР рассказали о проблемах в реализации совместных проектов с Кубой |2020-12-14 14:09:00

https://ria.ru/20201214/bezrabotnye-1589114731.html|В Москве отметили снижение числа безработных |2020-12-14 13:54:00

https://ria.ru/20201214/deripaska-1589112849.html|Дерипаска дважды за день раскритиковал политику ЦБ в отношении аграриев |2020-12-14 13:49:00

https://ria.ru/20201214/produkty-1589111865.html|Цены на сахар и масло ограничат до конца марта |2020-12-14 13:44:00

https://ria.ru/20201214/massandra-1589111431.html|"Структура банка ""Россия"" купила винодельческое предприятие ""Массандра"" "|2020-12-14 13:43:00

https://ria.ru/20201214/rabota-1589110134.html|Медведев оценил закон об удаленной работе |2020-12-14 13:36:00

https://radiosputnik.ria.ru/20201214/produkty-1589107355.html|Глава МЭР рассказал о мерах стабилизации цен на продукты |2020-12-14 13:28:00

https://ria.ru/20201214/produkty-1589107082.html|Мишустин оценил идею ввести планку колебаний цен на социальные продукты |2020-12-14 13:27:00

https://radiosputnik.ria.ru/20201214/zerno-1589106064.html|Россия вводит новые экспортные пошлины на зерно и пшеницу |2020-12-14 13:23:00

https://radiosputnik.ria.ru/20201214/rubl-1589105314.html|Куда двинется рубль? Прогноз главного экономиста Альфа-банка |2020-12-14 13:21:00

https://ria.ru/20201214/moskva-1589104361.html|Московские власти не планируют сокращать инвестиционные программы |2020-12-14 13:15:00

https://ria.ru/20201214/kurs-1589103803.html|Официальный курс евро на вторник снизился на 19 копеек |2020-12-14 13:14:00

https://ria.ru/20201214/biznes-1589103522.html|Мишустин призвал оставить производство продуктов выгодным для бизнеса |2020-12-14 13:13:00

https://ria.ru/20201214/aeroporty-1589103093.html|Мишустин продлил программы поддержки аэропортов и авиакомпаний |2020-12-14 13:12:00

https://ria.ru/20201214/sakhar-1589102513.html|Минсельхоз назвал условие отмены пошлины на импорт тростникового сахара |2020-12-14 13:11:00

https://ria.ru/20201214/putin-1589101535.html|Песков описал рабочий стиль Путина при решении важных вопросов |2020-12-14 13:07:00

https://ria.ru/20201214/benzin-1589101120.html|"Песков заявил, что ситуация с ценами на бензин не вызывает беспокойства "|2020-12-14 13:07:00

https://ria.ru/20201214/produkty-1589100706.html|В Кремле прокомментировали рост цен на продукты |2020-12-14 13:05:00

https://ria.ru/20201214/agrarii-1589100347.html|На совещании у Путина не затрагивался вопрос о кредитах для аграриев |2020-12-14 13:04:00

https://ria.ru/20201214/tseny-1589099906.html|Песков призвал дождаться инструментов правительства для регулировки цен |2020-12-14 13:04:00

https://ria.ru/20201214/pshenitsa-1589098937.html|Россия введет экспортную пошлину на пшеницу |2020-12-14 13:00:00

https://ria.ru/20201214/gospodderzhka-1589098543.html|"Производители сахара, хлеба и переработчики муки получат господдержку "|2020-12-14 12:59:00

https://ria.ru/20201214/zerno-1589098275.html|Россия введет квоту на экспорт зерна |2020-12-14 12:56:00

https://ria.ru/20201214/tseny-1589097297.html|"Эксперт не согласился с тем, как Дерипаска объяснил рост цен на продукты "|2020-12-14 12:48:00

https://ria.ru/20201214/sberbank-1589093392.html|Акции Сбербанка обновили исторический максимум |2020-12-14 12:31:00

https://ria.ru/20201214/kredit-1589093186.html|ВТБ снизил ставки по кредитам для малого и среднего бизнеса |2020-12-14 12:31:00

https://ria.ru/20201214/ekonomika-1589092439.html|Московские власти оценили влияние пандемии на экономику |2020-12-14 12:25:00

https://ria.ru/20201214/pravila-1589089056.html|В России утвердили правила выдачи субсидий на разработку вакцины от COVID |2020-12-14 12:11:00

https://ria.ru/20201214/zaym-1589087680.html|В Калининградской области выдали первый займ самозанятому |2020-12-14 12:04:00

https://ria.ru/20201214/tseny-1589083433.html|"""Коммунисты России"" предложили национализировать торговые сети "|2020-12-14 11:40:00

https://ria.ru/20201214/embargo-1589079611.html|Россия продлила продовольственное эмбарго до конца 2021 года |2020-12-14 11:21:00

https://ria.ru/20201214/tseny-1589075444.html|Дерипаска объяснил рост цен на продукты |2020-12-14 11:06:00

https://radiosputnik.ria.ru/20201214/aktsii-1589070485.html|Акции украинской компании Fishing Company по суду отошли госкорпорации РФ |2020-12-14 10:44:00

https://radiosputnik.ria.ru/20201214/tseny-1589069769.html|Эксперт оценил меры по фиксированию цен на сахар и подсолнечное масло |2020-12-14 10:39:00

https://ria.ru/20201214/birzha-1589069073.html|Индекс Мосбиржи впервые в истории преодолел отметку 3300 пунктов |2020-12-14 10:35:00

https://ria.ru/20201214/tseny-1589065218.html|СМИ сообщили о планируемой заморозке цен на масло и сахар |2020-12-14 10:13:00

https://radiosputnik.ria.ru/20201214/rubl-1589061179.html|В ожидании сырьевого года: в Saxo Bank предрекли падение доллара |2020-12-14 09:36:00

https://ria.ru/20201214/yugra-1589056012.html|"В Югре заявили о готовности к строительству завода Tenaris и ""Северстали"" "|2020-12-14 08:33:00

https://ria.ru/20201214/aktsii-1589051371.html|Суд на БВО арестовал акции Fishing Company по делу Проминвестбанка |2020-12-14 07:05:00

https://ria.ru/20201214/valyuta-1589050754.html|Банкир спрогнозировал ослабление доллара до 65 рублей |2020-12-14 06:20:00

https://ria.ru/20201214/tseny-1589048775.html|СМИ: цены на сахар и подсолнечное масло могут зафиксировать на три месяца |2020-12-14 04:09:00

https://ria.ru/20201214/aktsii-1589044088.html|"Финансист дал совет, с какой суммой лучше не спешить на рынок акций "|2020-12-14 01:11:00

https://ria.ru/20201213/tseny-1589004698.html|Минсельхоз: бизнес готов реагировать на предложения снизить цены |2020-12-13 15:42:00

https://radiosputnik.ria.ru/20201213/putin-1588993939.html|"""Это не шуточки"". Путин раскритиковал министров из-за цен на продукты "|2020-12-13 14:14:00

https://ria.ru/20201213/skazki-1588992660.html|"Путин потребовал не рассказывать ему ""сказки"" о ситуации с ростом цен "|2020-12-13 14:02:00

https://ria.ru/20201213/maslo-1588990050.html|Путин раскритиковал правительство из-за пошлин на подсолнечное масло |2020-12-13 13:39:00

https://ria.ru/20201213/makarony-1588989551.html|Путин назвал рост цен на макароны недопустимым |2020-12-13 13:34:00

https://ria.ru/20201213/tseny-1588989010.html|Путин потребовал за неделю решить вопрос с ценами на продукты |2020-12-13 13:30:00

https://ria.ru/20201213/tseny-1588988104.html|Путин поручил правительству решить вопрос с ростом цен за неделю |2020-12-13 13:11:00

https://ria.ru/20201213/produkty-1588987270.html|Ретейлеры пообещали обеспечить россиян продуктами по доступным ценам |2020-12-13 12:59:00

https://ria.ru/20201213/ryba-1588808428.html|Не растет лосось: почему красная рыба и икра резко подорожали |2020-12-13 08:00:00

https://ria.ru/20201212/bayden-1588942573.html|"Экономисты предрекли России ""невиданные санкции"" при Байдене "|2020-12-12 19:37:00

https://radiosputnik.ria.ru/20201212/ekonomika-1588910915.html|Власти озвучили данные по ликвидации ИП в Москве в 2020 году |2020-12-12 14:21:00

https://ria.ru/20201212/ekonomika-1588897500.html|"Эксперт рассказал, когда начнется восстановление российской экономики "|2020-12-12 12:08:00

https://ria.ru/20201212/tseny-1588896806.html|Мишустин поручил за сутки проработать соглашения о сдерживании цен |2020-12-12 12:04:00

https://radiosputnik.ria.ru/20201212/pandemiya-1588888838.html|Рынок делает ставки. Saxo Bank спрогнозировал окончание пандемии |2020-12-12 10:49:00

https://ria.ru/20201212/gaz-1588887869.html|"В США заявили, что ""Северный поток — 2"" никогда не будет функционировать "|2020-12-12 10:33:00

https://ria.ru/20201212/belorussiya-1588882990.html|Россия разрешила ввоз молочной продукции четырех белорусских предприятий |2020-12-12 09:50:00

https://ria.ru/20201212/koronavirus-1588875582.html|"В Saxo Bank предсказали, когда закончится пандемия COVID-19 "|2020-12-12 06:07:00

https://ria.ru/20201212/vklady-1588870375.html|"Финансист назвал причины ""обнуления"" депозитов россиян "|2020-12-12 02:07:00

https://ria.ru/20201212/gazoprovod-1588870516.html|"Nord Stream 2 заявила о возобновлении укладки ""Северного потока — 2"" "|2020-12-12 01:06:00

https://ria.ru/20201212/sanktsii-1588868617.html|Россия расширила санкционный список в отношении Украины |2020-12-12 00:09:00

https://ria.ru/20201211/obligatsii-1588867134.html|Греф приобрел облигации Сбербанка на сто миллионов рублей |2020-12-11 23:28:00

https://ria.ru/20201211/kontrol-1588854594.html|Контролировать цены на продукты будут с помощью системы онлайн-касс |2020-12-11 20:50:00

https://radiosputnik.ria.ru/20201211/produkty-1588854230.html|Мишустин дал ряд поручений по контролю цен на продукты |2020-12-11 20:49:00

https://ria.ru/20201211/porucheniya-1588853295.html|Мишустин дал сутки на проработку соглашений по сдерживанию цен |2020-12-11 20:41:00

https://radiosputnik.ria.ru/20201211/sevpotok-1588850710.html|"""СевПоток-2"" начали достраивать, бумаги ""Газпрома"" дорожают "|2020-12-11 20:20:00

https://radiosputnik.ria.ru/20201211/severnyy-potok-1588843427.html|"И полугода не пройдет: названы сроки достройки ""Северного потока-2"" "|2020-12-11 19:25:00

https://ria.ru/20201211/gazoprovod-1588837733.html|"Названы сроки окончания строительства ""Северного потока – 2"" "|2020-12-11 18:57:00

https://ria.ru/20201211/neft-1588876850.html|"""Роснефть"": ИИ не заменит специалистов-нефтяников в ближайшей перспективе "|2020-12-11 18:32:00

https://radiosputnik.ria.ru/20201211/sevpotok-1588819053.html|"Строительство ""Северного потока-2"" возобновилось "|2020-12-11 17:28:00

https://ria.ru/20201211/zatraty-1588811053.html|Пермский край покроет аграриям треть биржевых затрат на удобрения |2020-12-11 17:02:00

https://ria.ru/20201211/stroitelstvo-1588808091.html|"Nord Stream 2 заявила о возобновлении укладки ""Северного потока — 2"" "|2020-12-11 16:55:00

https://ria.ru/20201211/kredity-1588801849.html|Кубань в 2020 году досрочно погасит банковские кредиты на 16 млрд рублей |2020-12-11 16:33:00

https://ria.ru/20201211/vaktsina-1588799735.html|"Минпромторг оценил темпы производства вакцины ""Спутник V"" "|2020-12-11 16:25:00

https://ria.ru/20201211/arktika-1588792812.html|В Минэнерго оценили стоимость освоения ТРИЗ и запасов Арктики |2020-12-11 15:51:00

https://ria.ru/20201211/produkty-1588774782.html|В Минпромторге не видят объективных предпосылок для роста цен на продукты |2020-12-11 14:45:00

https://ria.ru/20201211/bednost-1588772630.html|Треть россиян в опросе назвали себя бедными |2020-12-11 14:39:00

https://ria.ru/20201211/byudzhet-1588771531.html|Кубань сократит долговую нагрузку на бюджет |2020-12-11 14:36:00

https://ria.ru/20201211/kurs-1588759566.html|Официальный курс евро на выходные и понедельник снизился на 36 копеек |2020-12-11 13:45:00

https://ria.ru/20201211/podorozhanie-1588757749.html|В Минстрое разъяснили назначение норматива цен на жилье |2020-12-11 13:38:00

https://ria.ru/20201211/markirovka-1588755095.html|Путин призвал расширить соглашение о маркировке товаров в ЕАЭС |2020-12-11 13:29:00

https://ria.ru/20201211/podderzhka-1588750085.html|Власти Ленобласти поддержали работающий в соцсфере бизнес |2020-12-11 13:05:00

https://ria.ru/20201211/vaktsina-1588746848.html|Москва станет крупнейшей площадкой по выпуску вакцины от COVID-19 |2020-12-11 12:47:00

https://ria.ru/20201211/tseny-1588737732.html|Минсельхоз прорабатывает меры для стабилизации цен на продукты |2020-12-11 12:03:00

https://ria.ru/20201211/avtovaz-1588736682.html|"""АвтоВАЗ"" отменил приказ о четырехдневной рабочей неделе "|2020-12-11 11:58:00

https://radiosputnik.ria.ru/20201211/tomaty-1588736509.html|СМИ рассказали о переговорах Москвы и Баку по поставкам томатов |2020-12-11 11:56:00

https://ria.ru/20201211/tomaty-1588730800.html|Источник рассказал о переговорах Баку и Москвы по поставкам томатов |2020-12-11 11:24:00

https://radiosputnik.ria.ru/20201211/tinkov-1588723618.html|На благотворительность: Тиньков продал часть акций TCS Group |2020-12-11 10:40:00

https://ria.ru/20201211/tinkov-1588721615.html|Олег Тиньков объяснил продажу акций TCS Group на 326 миллионов долларов |2020-12-11 10:30:00

https://ria.ru/20201211/tinkov-1588720372.html|"Тиньков сократил долю в группе ""Тинькофф"" до 35,1 процента "|2020-12-11 10:19:00

https://ria.ru/20201211/dollar-1588720055.html|Рубль незначительно меняется к доллару и евро |2020-12-11 10:16:00

https://ria.ru/20201211/proekt-1588719883.html|"Воронежская область выделит на нацпроекты 7,6 миллиарда рублей "|2020-12-11 10:15:00

https://radiosputnik.ria.ru/20201211/fintekh-1588718386.html|"""Нарушал федеральные законы"". Московский банк ""ФинТех"" лишился лицензии  "|2020-12-11 10:04:00

https://ria.ru/20201211/zhivotnovody-1588713511.html|Любимов: рязанские животноводы добились прекрасных результатов |2020-12-11 09:20:00

https://ria.ru/20201211/tsentrobank-1588711594.html|ЦБ отозвал лицензии у двух банков |2020-12-11 08:54:00

https://realty.ria.ru/20201211/rost-1588707945.html|Минстрой предупредил о росте цен на жилье в 2021 году |2020-12-11 08:22:00

https://ria.ru/20201211/sakhalin-1588707140.html|"Трутнев считает, что отношение Путина к проекту моста на Сахалин меняется "|2020-12-11 08:14:00

https://ria.ru/20201211/rosneft-1588706990.html|"Трутнев проверит ситуацию с трудоустройством работников ""Роснефти"" "|2020-12-11 08:12:00

https://ria.ru/20201211/tseny-1588706770.html|Трутнев пообещал проверить цены на продукты на Дальнем Востоке |2020-12-11 08:08:00
